Algorithm: First Come First Served

RUN 1
-----------------------------------------------------------------------------
Job Name       Arrival        Priority       Response Time  Waiting Time   Turn Around Time
26             2              2              2.127213       0.0            2.0            
20             3              4              9.815469       1.0            10.0           
27             4              1              8.499941       9.0            17.0           
14             14             3              3.5185802      7.0            10.0           
16             16             3              8.369798       8.0            16.0           
25             17             1              9.43829        15.0           24.0           
6              18             2              3.7472723      23.0           26.0           
29             27             2              2.9096174      17.0           19.0           
22             33             4              3.428623       13.0           16.0           
0              34             4              7.02216        15.0           22.0           
19             38             3              1.0735958      18.0           19.0           
9              40             3              9.457234       17.0           26.0           
12             42             3              4.320187       24.0           28.0           
24             48             2              9.79331        22.0           31.0           
8              52             4              7.1985245      27.0           34.0           
3              55             3              2.5747442      31.0           33.0           
15             56             1              7.4742804      32.0           39.0           
21             60             3              1.843527       35.0           36.0           
4              62             2              0.7562305      34.0           34.0           
11             65             1              5.1347394      31.0           36.0           
-----------------------------------------------------------------------------
Total Jobs Completed: 20
Average Wait Time: 18.95
Average Turn Around: 23.9
Average Response Time: 7.9115067
-----------------------------------------------------------------------------

RUN 2
-----------------------------------------------------------------------------
Job Name       Arrival        Priority       Response Time  Waiting Time   Turn Around Time
6              5              1              8.119186       0.0            8.0            
9              7              1              3.3791637      6.0            9.0            
3              8              3              5.1724586      8.0            13.0           
16             15             2              2.8354914      6.0            8.0            
20             17             2              1.139535       6.0            7.0            
24             22             1              1.8879192      2.0            3.0            
21             27             1              8.063237       0.0            6.0            
2              30             4              0.7811085      3.0            3.0            
18             32             2              2.7573943      1.0            3.0            
13             34             3              7.56749        1.0            8.0            
11             41             1              2.4851327      1.0            3.0            
10             42             1              4.9854255      2.0            6.0            
23             45             3              9.319794       3.0            12.0           
26             46             4              2.5623903      11.0           13.0           
27             50             3              6.068893       9.0            15.0           
5              54             2              1.376097       11.0           12.0           
4              57             1              6.58081        9.0            15.0           
12             61             2              6.935072       11.0           17.0           
0              64             1              2.2802997      14.0           16.0           
19             66             3              0.41188344     14.0           14.0           
14             70             4              8.751238       10.0           18.0           
7              73             3              2.9352715      15.0           17.0           
29             75             2              4.190747       15.0           19.0           
17             80             4              5.285331       14.0           19.0           
8              81             3              4.249626       18.0           22.0           
-----------------------------------------------------------------------------
Total Jobs Completed: 25
Average Wait Time: 7.6
Average Turn Around: 11.44
Average Response Time: 5.675224
-----------------------------------------------------------------------------

RUN 3
-----------------------------------------------------------------------------
Job Name       Arrival        Priority       Response Time  Waiting Time   Turn Around Time
5              3              4              8.898466       0.0            8.0            
20             5              1              7.7808332      6.0            13.0           
13             7              3              7.840998       11.0           18.0           
24             9              4              8.633583       16.0           24.0           
6              15             2              1.2578118      18.0           19.0           
2              18             3              6.601425       16.0           22.0           
8              20             1              8.997164       20.0           28.0           
1              26             4              8.587501       22.0           30.0           
4              29             2              8.602048       27.0           35.0           
16             30             3              6.046055       34.0           40.0           
26             31             3              9.07087        39.0           48.0           
10             33             3              9.865114       46.0           55.0           
7              40             2              8.911569       48.0           56.0           
0              48             4              3.5912182      48.0           51.0           
11             50             3              4.8595767      49.0           53.0           
-----------------------------------------------------------------------------
Total Jobs Completed: 15
Average Wait Time: 26.666666
Average Turn Around: 33.333332
Average Response Time: 12.961694
-----------------------------------------------------------------------------

RUN 4
-----------------------------------------------------------------------------
Job Name       Arrival        Priority       Response Time  Waiting Time   Turn Around Time
21             1              3              3.5610783      0.0            3.0            
19             3              1              5.567713       1.0            6.0            
29             4              3              7.222783       5.0            12.0           
2              8              2              5.400079       8.0            13.0           
24             12             2              2.4449673      9.0            11.0           
28             16             3              3.310811       7.0            10.0           
11             17             1              1.1454294      9.0            10.0           
10             19             4              2.2653623      8.0            10.0           
20             22             4              5.53683        7.0            12.0           
15             26             1              6.1908836      8.0            14.0           
26             28             4              3.9182532      12.0           15.0           
17             33             3              7.947724       10.0           17.0           
23             40             1              5.647931       10.0           15.0           
8              43             4              5.5799127      12.0           17.0           
18             47             4              0.34658158     13.0           13.0           
5              51             3              9.086513       9.0            18.0           
0              53             1              5.964778       16.0           21.0           
3              56             1              4.9748173      18.0           22.0           
25             57             2              0.5642684      21.0           21.0           
16             59             2              1.4661965      19.0           20.0           
1              65             2              7.9769425      14.0           21.0           
12             66             4              0.14213628     20.0           20.0           
7              68             4              5.639589       18.0           23.0           
4              73             1              9.591357       18.0           27.0           
-----------------------------------------------------------------------------
Total Jobs Completed: 24
Average Wait Time: 11.333333
Average Turn Around: 15.458333
Average Response Time: 6.183683
-----------------------------------------------------------------------------

RUN 5
-----------------------------------------------------------------------------
Job Name       Arrival        Priority       Response Time  Waiting Time   Turn Around Time
15             2              4              8.533176       0.0            8.0            
12             3              1              6.3234897      7.0            13.0           
21             4              2              2.7251036      12.0           14.0           
28             15             3              9.161879       3.0            12.0           
6              18             3              1.1228987      9.0            10.0           
25             21             2              3.306528       7.0            10.0           
5              22             3              6.4867067      9.0            15.0           
24             29             4              2.423563       8.0            10.0           
8              30             2              9.522783       9.0            18.0           
26             33             3              5.782471       15.0           20.0           
0              35             1              2.1752763      18.0           20.0           
2              36             1              0.23294282     19.0           19.0           
20             38             4              4.765204       17.0           21.0           
16             39             1              3.454468       20.0           23.0           
23             41             4              5.277576       21.0           26.0           
14             47             3              7.857372       20.0           27.0           
10             52             3              5.894317       22.0           27.0           
11             63             3              3.8680167      16.0           19.0           
4              66             4              5.9317756      16.0           21.0           
22             68             3              1.5022024      19.0           20.0           
1              70             4              3.3515553      18.0           21.0           
17             76             1              5.5022697      15.0           20.0           
18             78             1              6.5830436      18.0           24.0           
-----------------------------------------------------------------------------
Total Jobs Completed: 23
Average Wait Time: 13.826087
Average Turn Around: 18.173914
Average Response Time: 6.253124
-----------------------------------------------------------------------------

================================================================================================


