Algorithm: Shortest Job First

RUN 1
----------------------------------------------------------------------------------------------------------
Job Name       Arrival        Priority       Response Time  Waiting Time   Run Time       Turn Around Time
11             6.0            3              1.8299115      0.0            0.51473486     0.51473475     
6              8.0            1              0.22474417     0.0            8.360047       8.360046       
4              10.0           1              3.1286511      6.3600464      4.2717204      10.631767      
18             20.0           2              5.4929986      0.6317673      5.4279065      6.0596733      
7              19.0           1              2.157766       7.0596733      5.7191167      12.7787895     
25             22.0           1              9.07873        9.7787895      5.8467197      15.625511      
22             10.0           3              1.6025884      27.625511      8.238828       35.864338      
8              38.0           1              4.98536        7.864338       3.9809506      11.845287      
3              49.0           4              5.6981134      0.8452873      1.8354493      2.6807365      
0              48.0           1              5.0026426      3.6807365      3.3529959      7.0337334      
21             40.0           4              8.106203       15.033733      4.0102887      19.044022      
5              45.0           1              2.1093855      14.044022      5.7189693      19.762993      
10             50.0           4              5.6302133      14.762993      6.0672207      20.830215      
1              70.0           1              2.998881       0.83021545     0.42582187     1.2560349      
13             69.0           2              9.05894        2.2560349      4.9104595      7.1664963      
16             76.0           1              2.5648317      0.16649628     4.0067763      4.173271       
20             39.0           1              3.9658556      41.17327       7.478196       48.651466      
14             48.0           2              7.2536745      39.651466      8.011357       47.662827      
9              93.0           4              0.87422526     2.6628265      0.8361948      3.4990234      
24             95.0           1              8.674994       1.4990234      2.3561141      3.8551407      
15             90.0           1              5.1601353      8.855141       2.7298586      11.584999      
17             90.0           1              0.81925523     11.584999      2.8483007      14.433296      
23             99.0           1              5.052881       5.433296       5.680784       11.114082      
19             94.0           2              1.1258373      16.114082      6.9208393      23.03492       
12             38.0           1              9.511214       79.03492       8.7071         87.74202       
2              58.0           2              7.3998423      67.74202       9.379647       77.12167       
----------------------------------------------------------------------------------------------------------
Total Jobs Completed: 26
Average Wait Time: 14.795795
Average Turn Around: 19.704885
Average Response Time: 4.596457
----------------------------------------------------------------------------------------------------------

RUN 2
----------------------------------------------------------------------------------------------------------
Job Name       Arrival        Priority       Response Time  Waiting Time   Run Time       Turn Around Time
9              3.0            1              2.3287175      0.0            9.006677       9.006677       
17             7.0            2              2.7368388      5.0066767      2.0808196      7.087496       
3              13.0           2              8.144279       1.0874958      1.1446735      2.2321692      
2              11.0           3              3.6755288      4.232169       2.561877       6.7940464      
20             10.0           2              0.84391254     7.7940464      4.1514826      11.94553       
23             3.0            3              2.4111066      18.94553       9.250131       28.19566       
21             24.0           4              6.7294874      7.1956596      2.1904469      9.386108       
15             27.0           2              9.039177       6.3861084      2.5826535      8.968761       
24             16.0           1              8.225343       19.968761      9.635506       29.604267      
5              43.0           1              3.1389523      2.6042671      1.6039646      4.208233       
11             41.0           4              0.79514074     6.208233       2.5711167      8.77935        
13             36.0           2              9.499828       13.77935       3.4209802      17.200329      
14             51.0           2              2.5402074      2.2003288      2.911716       5.1120453      
12             52.0           4              0.96191674     4.1120453      6.5285983      10.640644      
25             57.0           4              5.635514       5.640644       0.6843403      6.3249855      
0              37.0           3              8.442173       26.324986      6.6977463      33.022736      
4              49.0           4              4.120304       21.022736      6.8965673      27.919304      
19             74.0           3              5.1915417      2.919304       5.9992995      8.918602       
1              77.0           1              1.7232215      5.918602       4.2479024      10.166504      
6              80.0           4              6.406602       7.166504       4.819061       11.985565      
18             90.0           2              6.2272606      1.9855652      5.082449       7.068016       
8              94.0           3              4.210771       3.068016       1.3500488      4.418068       
7              37.0           1              1.2715886      61.418068      8.892107       70.31017       
22             43.0           4              8.810736       64.31017       9.086773       73.39694       
10             97.0           1              9.703712       19.396942      9.671913       29.068855      
16             61.0           3              1.5560784      65.068855      9.719169       74.788025      
----------------------------------------------------------------------------------------------------------
Total Jobs Completed: 26
Average Wait Time: 14.760041
Average Turn Around: 19.867271
Average Response Time: 4.783459
----------------------------------------------------------------------------------------------------------

RUN 3
----------------------------------------------------------------------------------------------------------
Job Name       Arrival        Priority       Response Time  Waiting Time   Run Time       Turn Around Time
8              7.0            4              9.729508       0.0            4.5096264      4.5096264      
20             9.0            4              9.896442       2.5096264      3.8812497      6.390876       
21             13.0           4              8.3006315      2.3908758      1.2052717      3.5961475      
11             8.0            1              5.326874       8.596148       5.1998906      13.796038      
5              10.0           4              6.215712       11.796038      5.658004       17.45404       
14             23.0           3              1.7250572      4.4540405      5.5909996      10.04504       
2              32.0           1              1.9506813      1.0450401      3.1999059      4.2449455      
15             15.0           1              9.937228       21.244946      6.0259404      27.270885      
22             40.0           4              8.934844       2.2708855      0.3515761      2.6224632      
3              40.0           4              8.956982       2.6224632      5.878456       8.500919       
9              32.0           2              1.5122616      16.50092       6.91263        23.413551      
23             53.0           1              3.240369       2.4135513      6.85099        9.264542       
7              17.0           2              3.2947474      45.26454       7.0401416      52.30468       
4              22.0           3              7.292874       47.30468       7.0865016      54.391182      
18             74.0           3              6.384965       2.391182       7.360767       9.7519455      
25             81.0           2              1.5891286      2.7519455      4.6260047      7.3779526      
24             70.0           3              1.6267183      18.377953      7.450046       25.827995      
10             93.0           1              7.188543       2.8279953      1.628872       4.456871       
17             96.0           4              8.221284       1.456871       3.9882889      5.44516        
13             92.0           4              9.782408       9.44516        5.2449884      14.690147      
6              92.0           3              3.0909653      14.690147      5.7466235      20.436768      
1              86.0           4              1.2661138      26.436768      7.5076513      33.94442       
19             99.0           3              9.64723        20.94442       7.809271       28.753693      
16             71.0           4              4.166199       56.753693      9.056719       65.81041       
0              99.0           4              1.9473102      37.81041       9.39743        47.20784       
12             16.0           2              9.426527       130.20784      9.597536       139.80537      
----------------------------------------------------------------------------------------------------------
Total Jobs Completed: 26
Average Wait Time: 18.942623
Average Turn Around: 24.665905
Average Response Time: 5.794293
----------------------------------------------------------------------------------------------------------

RUN 4
----------------------------------------------------------------------------------------------------------
Job Name       Arrival        Priority       Response Time  Waiting Time   Run Time       Turn Around Time
4              4.0            4              7.289478       0.0            9.786668       9.786668       
20             12.0           4              4.7003703      1.7866678      1.3849258      3.1715937      
10             12.0           3              2.4469218      3.1715937      2.1596687      5.3312626      
23             10.0           1              0.6629904      7.3312626      3.7832918      11.114555      
6              7.0            3              3.6573658      14.114555      8.82811        22.942665      
8              27.0           4              0.83978605     2.942665       0.2992921      3.2419567      
19             23.0           4              1.2988405      7.2419567      7.066324       14.308281      
0              42.0           2              3.6679857      0.0            3.7210639      3.7210655      
22             44.0           2              2.2629914      1.7210655      7.3216805      9.0427475      
24             53.0           1              7.673001       0.042747498    2.695911       2.738659       
1              55.0           3              0.8538779      0.7386589      1.2540594      1.9927177      
15             56.0           1              2.0072994      0.99271774     4.816837       5.809555       
25             53.0           4              7.8108597      8.809555       7.671385       16.480942      
14             54.0           4              5.8912477      15.480942      8.497041       23.977982      
13             70.0           4              9.993789       7.9779816      1.0978608      9.075844       
2              79.0           1              5.6776166      0.07584381     4.0887694      4.164612       
5              71.0           3              1.0743972      12.164612      7.388824       19.553436      
9              86.0           2              1.2957627      4.5534363      2.2597213      6.813156       
11             85.0           3              6.073663       7.813156       2.5877736      10.400932      
17             95.0           3              9.075678       0.4009323      0.24065939     0.64159393     
21             91.0           2              9.632318       4.641594       7.6270986      12.268692      
3              96.0           4              9.2296         7.268692       2.8347347      10.103424      
16             98.0           1              1.6269726      8.103424       7.0384545      15.141876      
12             59.0           3              3.2281685      54.141876      8.673773       62.81565       
18             98.0           1              3.3927937      23.81565       9.824267       33.639923      
7              77.0           2              0.9404742      54.639923      9.905231       64.54515       
----------------------------------------------------------------------------------------------------------
Total Jobs Completed: 26
Average Wait Time: 9.614288
Average Turn Around: 14.724036
Average Response Time: 4.319394
----------------------------------------------------------------------------------------------------------

RUN 5
----------------------------------------------------------------------------------------------------------
Job Name       Arrival        Priority       Response Time  Waiting Time   Run Time       Turn Around Time
14             1.0            1              8.624717       0.0            3.0497525      3.0497522      
12             3.0            2              5.693529       1.0497522      9.762996       10.812748      
16             13.0           1              0.8943932      0.81274796     2.3407536      3.1535015      
15             16.0           2              8.751466       0.15350151     0.4185833      0.5720844      
2              14.0           1              3.2308676      2.5720844      1.5482965      4.1203804      
23             18.0           2              7.7315884      0.1203804      1.7816188      1.9019985      
7              15.0           2              7.3806996      4.9019985      1.9332774      6.8352757      
11             18.0           3              3.4037752      3.8352757      2.1952007      6.0304756      
10             7.0            4              8.254162       17.030476      3.0244236      20.0549        
5              18.0           1              3.3159213      9.054899       5.246717       14.301617      
18             15.0           4              5.2130046      17.301617      7.585734       24.887352      
22             33.0           4              8.204368       6.887352       4.166417       11.053768      
6              25.0           4              8.493867       19.053768      7.657694       26.711464      
4              45.0           3              1.7363805      6.711464       1.5690703      8.280533       
3              9.0            3              5.850121       44.280533      8.6139         52.894432      
25             60.0           3              9.479089       1.8944321      7.973156       9.867584       
20             62.0           4              4.314188       7.867584       2.6367815      10.504364      
9              70.0           1              1.6810126      2.504364       1.7051419      4.209503       
0              68.0           4              2.6455972      6.209503       3.5281506      9.737656       
1              64.0           1              8.386928       13.737656      6.2851043      20.022758      
24             75.0           4              3.2555969      9.0227585      7.056546       16.079308      
17             25.0           4              4.8531904      66.07931       9.129889       75.2092        
21             97.0           1              0.43918672     3.209198       0.33631882     3.545517       
8              58.0           3              1.3422526      42.545517      9.353202       51.89872       
19             12.0           2              0.8094568      97.89872       9.8056         107.70432      
13             82.0           2              0.46291527     37.704323      9.862315       47.566635      
----------------------------------------------------------------------------------------------------------
Total Jobs Completed: 26
Average Wait Time: 16.247662
Average Turn Around: 21.192533
Average Response Time: 4.786472
----------------------------------------------------------------------------------------------------------

==========================================================================================================
