*************SHORTEST TIME REMAINING*************
1) QUEUE OF JOBS BEFORE EXECUTING SCHEDULING ALGORITHM: (SORTED BY ARRIVAL)
-----------------------------------------------------------------------------
Job Name       Arrival        Priority       Response Time  Waiting Time   Turn Around Time
8              2.7770042      1              5.862519       0.0            5.862519       
9              3.9358377      1              9.60445        0.0            9.60445        
22             4.887396       2              3.3609648      0.0            3.3609648      
17             5.9889674      3              9.710273       0.0            9.710273       
28             16.275274      4              0.97522676     0.0            0.97522676     
29             17.95606       1              2.2609332      0.0            2.2609332      
1              18.323643      3              7.658996       0.0            7.658996       
24             19.174892      2              0.32433298     0.0            0.32433298     
21             19.310009      3              2.913731       0.0            2.913731       
10             19.907225      1              6.0886216      0.0            6.0886216      
18             20.066362      1              9.267482       0.0            9.267482       
23             30.89502       3              6.6248255      0.0            6.6248255      
26             31.178701      1              3.915858       0.0            3.915858       
25             33.364223      4              6.470643       0.0            6.470643       
16             37.71485       2              8.750745       0.0            8.750745       
7              47.181595      3              0.54004127     0.0            0.54004127     
15             50.199253      4              7.788511       0.0            7.788511       
27             53.147038      3              0.28149155     0.0            0.28149155     
12             53.285725      2              4.498611       0.0            4.498611       
11             59.111786      1              0.18182367     0.0            0.18182367     
4              59.583942      4              1.320957       0.0            1.320957       
14             60.64862       2              1.6366547      0.0            1.6366547      
3              69.6904        3              1.108346       0.0            1.108346       
19             71.671364      2              1.9447143      0.0            1.9447143      
13             72.86701       4              2.0425906      0.0            2.0425906      
0              80.174545      2              7.826651       0.0            7.826651       
5              85.77231       1              4.0480633      0.0            4.0480633      
6              96.29757       1              6.395234       0.0            6.395234       
20             97.295265      3              3.6935136      0.0            3.6935136      
2              97.82623       1              2.9949722      0.0            2.9949722      
-----------------------------------------------------------------------------
QUEUE OF JOBS AFTER EXECUTING SCHEDULING ALGORITHM
-----------------------------------------------------------------------------
Job Name       Arrival        Priority       Response Time  Waiting Time   Turn Around Time
8              2.7770042      1              5.862519       4.0            9.862518       
9              3.9358377      1              9.60445        17.0           26.60445       
22             4.887396       2              3.3609648      0.0            3.3609648      
17             5.9889674      3              9.710273       131.0          140.71027      
28             16.275274      4              0.97522676     0.0            0.97522676     
29             17.95606       1              2.2609332      0.0            2.2609332      
1              18.323643      3              7.658996       56.0           63.658997      
24             19.174892      2              0.32433298     1.0            1.324333       
21             19.310009      3              2.913731       1.0            3.913731       
10             19.907225      1              6.0886216      13.0           19.088621      
18             20.066362      1              9.267482       104.0          113.26748      
23             30.89502       3              6.6248255      20.0           26.624825      
26             31.178701      1              3.915858       0.0            3.915858       
25             33.364223      4              6.470643       8.0            14.470643      
16             37.71485       2              8.750745       80.0           88.75075       
7              47.181595      3              0.54004127     1.0            1.5400412      
15             50.199253      4              7.788511       37.0           44.78851       
27             53.147038      3              0.28149155     0.0            0.28149155     
12             53.285725      2              4.498611       8.0            12.498611      
11             59.111786      1              0.18182367     0.0            0.18182367     
4              59.583942      4              1.320957       0.0            1.320957       
14             60.64862       2              1.6366547      1.0            2.6366549      
3              69.6904        3              1.108346       0.0            1.108346       
19             71.671364      2              1.9447143      0.0            1.9447143      
13             72.86701       4              2.0425906      1.0            3.0425906      
0              80.174545      2              7.826651       29.0           36.826653      
5              85.77231       1              4.0480633      0.0            4.0480633      
6              96.29757       1              6.395234       7.0            13.395234      
20             97.295265      3              3.6935136      0.0            3.6935136      
2              97.82623       1              2.9949722      3.0            5.994972       
-----------------------------------------------------------------------------
Total Jobs Completed: 30
Average Wait Time: 17.4
Average Turn Around: 21.736393
Average Response Time: 4.336393
-----------------------------------------------------------------------------

2) QUEUE OF JOBS BEFORE EXECUTING SCHEDULING ALGORITHM: (SORTED BY ARRIVAL)
-----------------------------------------------------------------------------
Job Name       Arrival        Priority       Response Time  Waiting Time   Turn Around Time
18             3.694141       2              0.897346       0.0            0.897346       
2              4.4989824      2              7.4033375      0.0            7.4033375      
14             8.365578       1              9.660759       0.0            9.660759       
1              9.871984       2              9.039305       0.0            9.039305       
17             10.198182      4              0.30795395     0.0            0.30795395     
9              18.594433      4              3.265366       0.0            3.265366       
20             20.329391      3              7.6202307      0.0            7.6202307      
16             26.289356      1              8.571474       0.0            8.571474       
26             28.445292      3              8.341028       0.0            8.341028       
29             34.4411        3              9.8830595      0.0            9.8830595      
6              35.302536      3              5.411275       0.0            5.411275       
8              37.221306      4              1.2399924      0.0            1.2399924      
19             37.557613      1              5.2348876      0.0            5.2348876      
25             45.162052      3              7.657996       0.0            7.657996       
10             46.89434       3              5.8315773      0.0            5.8315773      
21             51.49139       2              0.37567812     0.0            0.37567812     
12             57.634968      3              9.96829        0.0            9.96829        
11             62.858826      4              7.52859        0.0            7.52859        
28             63.035793      2              8.1701         0.0            8.1701         
0              64.73059       4              6.1070743      0.0            6.1070743      
7              65.70038       3              1.1570263      0.0            1.1570263      
4              70.03511       1              5.3716817      0.0            5.3716817      
15             74.421394      2              5.669201       0.0            5.669201       
27             74.43236       4              8.785881       0.0            8.785881       
5              76.636246      4              3.3598506      0.0            3.3598506      
13             77.09042       3              6.352232       0.0            6.352232       
22             85.00439       4              7.3220625      0.0            7.3220625      
3              93.212036      3              5.9060874      0.0            5.9060874      
23             94.51008       2              1.7377571      0.0            1.7377571      
24             97.88773       3              2.4834385      0.0            2.4834385      
-----------------------------------------------------------------------------
QUEUE OF JOBS AFTER EXECUTING SCHEDULING ALGORITHM
-----------------------------------------------------------------------------
Job Name       Arrival        Priority       Response Time  Waiting Time   Turn Around Time
18             3.694141       2              0.897346       0.0            0.897346       
2              4.4989824      2              7.4033375      1.0            8.4033375      
14             8.365578       1              9.660759       151.0          160.66077      
1              9.871984       2              9.039305       8.0            17.039305      
17             10.198182      4              0.30795395     0.0            0.30795395     
9              18.594433      4              3.265366       0.0            3.265366       
20             20.329391      3              7.6202307      7.0            14.620231      
16             26.289356      1              8.571474       115.0          123.57147      
26             28.445292      3              8.341028       104.0          112.34103      
29             34.4411        3              9.8830595      135.0          144.88306      
6              35.302536      3              5.411275       2.0            7.411275       
8              37.221306      4              1.2399924      0.0            1.2399924      
19             37.557613      1              5.2348876      5.0            10.234888      
25             45.162052      3              7.657996       11.0           18.657997      
10             46.89434       3              5.8315773      4.0            9.831577       
21             51.49139       2              0.37567812     0.0            0.37567812     
12             57.634968      3              9.96829        122.0          131.96829      
11             62.858826      4              7.52859        53.0           60.52859       
28             63.035793      2              8.1701         60.0           68.1701        
0              64.73059       4              6.1070743      2.0            8.107075       
7              65.70038       3              1.1570263      0.0            1.1570263      
4              70.03511       1              5.3716817      3.0            8.371681       
15             74.421394      2              5.669201       9.0            14.669201      
27             74.43236       4              8.785881       75.0           83.78588       
5              76.636246      4              3.3598506      3.0            6.359851       
13             77.09042       3              6.352232       12.0           18.352232      
22             85.00439       4              7.3220625      22.0           29.322063      
3              93.212036      3              5.9060874      8.0            13.906088      
23             94.51008       2              1.7377571      2.0            3.7377572      
24             97.88773       3              2.4834385      1.0            3.4834385      
-----------------------------------------------------------------------------
Total Jobs Completed: 30
Average Wait Time: 30.5
Average Turn Around: 36.188683
Average Response Time: 5.6886854
-----------------------------------------------------------------------------
3)QUEUE OF JOBS BEFORE EXECUTING SCHEDULING ALGORITHM: (SORTED BY ARRIVAL)
-----------------------------------------------------------------------------
Job Name       Arrival        Priority       Response Time  Waiting Time   Turn Around Time
14             3.5452664      4              4.923794       0.0            4.923794       
29             8.214987       4              4.3546615      0.0            4.3546615      
26             11.174917      3              0.60790944     0.0            0.60790944     
16             12.441456      4              8.087165       0.0            8.087165       
2              15.8635025     4              4.547937       0.0            4.547937       
15             17.577345      2              4.634303       0.0            4.634303       
19             18.402517      1              9.184047       0.0            9.184047       
18             19.278341      3              9.457295       0.0            9.457295       
24             20.983952      1              8.650919       0.0            8.650919       
1              21.224928      4              8.165121       0.0            8.165121       
4              21.33745       3              8.855413       0.0            8.855413       
5              22.755606      2              2.635234       0.0            2.635234       
17             23.876095      1              4.4451637      0.0            4.4451637      
12             30.53028       4              3.2195573      0.0            3.2195573      
23             34.045918      3              7.9670663      0.0            7.9670663      
0              35.59957       1              5.744565       0.0            5.744565       
3              38.405193      3              8.3932085      0.0            8.3932085      
22             46.25125       3              7.0602775      0.0            7.0602775      
6              61.123882      4              9.650121       0.0            9.650121       
21             61.56346       1              9.089246       0.0            9.089246       
28             61.903435      2              7.2865005      0.0            7.2865005      
8              71.49879       4              2.4599931      0.0            2.4599931      
10             78.41787       1              1.9774193      0.0            1.9774193      
13             79.68346       4              2.6367064      0.0            2.6367064      
27             81.56775       1              5.676942       0.0            5.676942       
20             91.26383       2              0.66551304     0.0            0.66551304     
7              91.59215       2              4.120643       0.0            4.120643       
9              95.20902       3              2.7162569      0.0            2.7162569      
25             97.8253        1              9.554443       0.0            9.554443       
11             98.57231       4              6.898525       0.0            6.898525       
-----------------------------------------------------------------------------
QUEUE OF JOBS AFTER EXECUTING SCHEDULING ALGORITHM
-----------------------------------------------------------------------------
Job Name       Arrival        Priority       Response Time  Waiting Time   Turn Around Time
14             3.5452664      4              4.923794       0.0            4.923794       
29             8.214987       4              4.3546615      1.0            5.3546615      
26             11.174917      3              0.60790944     0.0            0.60790944     
16             12.441456      4              8.087165       30.0           38.087166      
2              15.8635025     4              4.547937       0.0            4.547937       
15             17.577345      2              4.634303       3.0            7.634303       
19             18.402517      1              9.184047       133.0          142.18405      
18             19.278341      3              9.457295       142.0          151.45729      
24             20.983952      1              8.650919       103.0          111.65092      
1              21.224928      4              8.165121       77.0           85.16512       
4              21.33745       3              8.855413       110.0          118.855415     
5              22.755606      2              2.635234       2.0            4.635234       
17             23.876095      1              4.4451637      4.0            8.445164       
12             30.53028       4              3.2195573      3.0            6.2195573      
23             34.045918      3              7.9670663      25.0           32.967068      
0              35.59957       1              5.744565       2.0            7.744565       
3              38.405193      3              8.3932085      76.0           84.39321       
22             46.25125       3              7.0602775      5.0            12.060278      
6              61.123882      4              9.650121       120.0          129.65012      
21             61.56346       1              9.089246       79.0           88.08925       
28             61.903435      2              7.2865005      7.0            14.286501      
8              71.49879       4              2.4599931      0.0            2.4599931      
10             78.41787       1              1.9774193      0.0            1.9774193      
13             79.68346       4              2.6367064      1.0            3.6367064      
27             81.56775       1              5.676942       2.0            7.676942       
20             91.26383       2              0.66551304     0.0            0.66551304     
7              91.59215       2              4.120643       0.0            4.120643       
9              95.20902       3              2.7162569      2.0            4.716257       
25             97.8253        1              9.554443       74.0           83.55444       
11             98.57231       4              6.898525       9.0            15.898525      
-----------------------------------------------------------------------------
Total Jobs Completed: 30
Average Wait Time: 33.666668
Average Turn Around: 39.45553
Average Response Time: 5.7888646
-----------------------------------------------------------------------------
4) QUEUE OF JOBS BEFORE EXECUTING SCHEDULING ALGORITHM: (SORTED BY ARRIVAL)
-----------------------------------------------------------------------------
Job Name       Arrival        Priority       Response Time  Waiting Time   Turn Around Time
25             1.8702149      3              3.5845385      0.0            3.5845385      
21             2.2155583      2              4.836925       0.0            4.836925       
9              6.2911034      4              7.0748243      0.0            7.0748243      
17             13.737684      2              4.864981       0.0            4.864981       
24             25.490969      3              4.917374       0.0            4.917374       
16             28.194677      2              2.696217       0.0            2.696217       
0              28.723001      1              7.7447495      0.0            7.7447495      
19             34.267212      2              2.4988923      0.0            2.4988923      
2              36.43965       2              2.7609978      0.0            2.7609978      
4              40.99363       1              3.0064926      0.0            3.0064926      
13             43.91825       1              8.91588        0.0            8.91588        
6              46.07674       2              2.4696088      0.0            2.4696088      
26             46.873604      1              4.5585065      0.0            4.5585065      
3              49.014973      3              2.2768912      0.0            2.2768912      
27             49.39733       3              8.726845       0.0            8.726845       
10             53.964527      2              0.8112997      0.0            0.8112997      
12             65.88425       2              1.5005366      0.0            1.5005366      
15             67.51536       1              1.926221       0.0            1.926221       
18             71.388916      1              7.886237       0.0            7.886237       
11             75.705154      1              7.0437064      0.0            7.0437064      
14             80.43466       3              6.940969       0.0            6.940969       
20             81.95464       1              9.768816       0.0            9.768816       
23             83.46271       4              9.508621       0.0            9.508621       
5              85.51937       4              6.512807       0.0            6.512807       
29             86.77732       4              8.013454       0.0            8.013454       
1              92.66424       2              2.4473135      0.0            2.4473135      
7              93.275406      2              3.1501188      0.0            3.1501188      
28             94.049545      1              3.25458        0.0            3.25458        
22             97.377594      3              3.8644326      0.0            3.8644326      
8              98.56605       2              2.2606716      0.0            2.2606716      
-----------------------------------------------------------------------------
QUEUE OF JOBS AFTER EXECUTING SCHEDULING ALGORITHM
-----------------------------------------------------------------------------
Job Name       Arrival        Priority       Response Time  Waiting Time   Turn Around Time
25             1.8702149      3              3.5845385      0.0            3.5845385      
21             2.2155583      2              4.836925       3.0            7.836925       
9              6.2911034      4              7.0748243      4.0            11.074824      
17             13.737684      2              4.864981       5.0            9.864981       
24             25.490969      3              4.917374       0.0            4.917374       
16             28.194677      2              2.696217       2.0            4.696217       
0              28.723001      1              7.7447495      26.0           33.74475       
19             34.267212      2              2.4988923      0.0            2.4988923      
2              36.43965       2              2.7609978      1.0            3.7609978      
4              40.99363       1              3.0064926      0.0            3.0064926      
13             43.91825       1              8.91588        90.0           98.91588       
6              46.07674       2              2.4696088      0.0            2.4696088      
26             46.873604      1              4.5585065      6.0            10.558506      
3              49.014973      3              2.2768912      0.0            2.2768912      
27             49.39733       3              8.726845       17.0           25.726845      
10             53.964527      2              0.8112997      0.0            0.8112997      
12             65.88425       2              1.5005366      0.0            1.5005366      
15             67.51536       1              1.926221       0.0            1.926221       
18             71.388916      1              7.886237       45.0           52.88624       
11             75.705154      1              7.0437064      1.0            8.043707       
14             80.43466       3              6.940969       4.0            10.940969      
20             81.95464       1              9.768816       71.0           80.768814      
23             83.46271       4              9.508621       59.0           68.50862       
5              85.51937       4              6.512807       24.0           30.512806      
29             86.77732       4              8.013454       38.0           46.013454      
1              92.66424       2              2.4473135      0.0            2.4473135      
7              93.275406      2              3.1501188      2.0            5.150119       
28             94.049545      1              3.25458        8.0            11.25458       
22             97.377594      3              3.8644326      9.0            12.864432      
8              98.56605       2              2.2606716      1.0            3.2606716      
-----------------------------------------------------------------------------
Total Jobs Completed: 30
Average Wait Time: 13.866667
Average Turn Around: 18.727448
Average Response Time: 4.860784
-----------------------------------------------------------------------------
5) QUEUE OF JOBS BEFORE EXECUTING SCHEDULING ALGORITHM: (SORTED BY ARRIVAL)
-----------------------------------------------------------------------------
Job Name       Arrival        Priority       Response Time  Waiting Time   Turn Around Time
16             0.13813972     2              7.7166476      0.0            7.7166476      
27             1.1266053      3              5.19611        0.0            5.19611        
11             3.5651267      2              4.6927505      0.0            4.6927505      
22             3.9358497      1              1.8324305      0.0            1.8324305      
6              5.4287376      1              7.497988       0.0            7.497988       
9              6.743467       2              2.2315361      0.0            2.2315361      
26             10.042214      4              2.8536916      0.0            2.8536916      
17             14.045572      3              3.2308762      0.0            3.2308762      
29             15.082735      2              4.27461        0.0            4.27461        
4              20.469034      4              4.6290193      0.0            4.6290193      
18             22.319109      1              1.8197997      0.0            1.8197997      
5              24.864244      2              4.1057653      0.0            4.1057653      
24             25.475555      1              8.850048       0.0            8.850048       
19             27.496374      2              2.0876071      0.0            2.0876071      
20             31.63938       3              9.645612       0.0            9.645612       
1              36.022522      2              2.9209094      0.0            2.9209094      
3              39.408707      4              6.0048575      0.0            6.0048575      
10             42.623795      2              0.8381563      0.0            0.8381563      
0              44.016987      4              9.688443       0.0            9.688443       
14             47.74613       4              3.4511995      0.0            3.4511995      
13             52.202415      4              8.695435       0.0            8.695435       
12             59.24603       3              0.1984104      0.0            0.1984104      
25             59.742157      2              1.6700925      0.0            1.6700925      
21             71.71304       2              0.6983118      0.0            0.6983118      
7              72.66697       3              7.3820853      0.0            7.3820853      
28             74.30838       3              2.4223456      0.0            2.4223456      
15             78.74844       2              4.3223643      0.0            4.3223643      
2              79.86032       2              1.8586727      0.0            1.8586727      
23             82.85687       3              5.1644583      0.0            5.1644583      
8              92.85395       1              4.26594        0.0            4.26594        
-----------------------------------------------------------------------------
QUEUE OF JOBS AFTER EXECUTING SCHEDULING ALGORITHM
-----------------------------------------------------------------------------
Job Name       Arrival        Priority       Response Time  Waiting Time   Turn Around Time
16             0.13813972     2              7.7166476      61.0           68.716644      
27             1.1266053      3              5.19611        2.0            7.19611        
11             3.5651267      2              4.6927505      40.0           44.69275       
22             3.9358497      1              1.8324305      0.0            1.8324305      
6              5.4287376      1              7.497988       68.0           75.497986      
9              6.743467       2              2.2315361      3.0            5.231536       
26             10.042214      4              2.8536916      2.0            4.8536916      
17             14.045572      3              3.2308762      1.0            4.230876       
29             15.082735      2              4.27461        4.0            8.2746105      
4              20.469034      4              4.6290193      14.0           18.629019      
18             22.319109      1              1.8197997      2.0            3.8197997      
5              24.864244      2              4.1057653      5.0            9.105765       
24             25.475555      1              8.850048       91.0           99.85005       
19             27.496374      2              2.0876071      0.0            2.0876071      
20             31.63938       3              9.645612       94.0           103.645615     
1              36.022522      2              2.9209094      3.0            5.9209094      
3              39.408707      4              6.0048575      13.0           19.004858      
10             42.623795      2              0.8381563      0.0            0.8381563      
0              44.016987      4              9.688443       91.0           100.688446     
14             47.74613       4              3.4511995      1.0            4.4511995      
13             52.202415      4              8.695435       55.0           63.695435      
12             59.24603       3              0.1984104      0.0            0.1984104      
25             59.742157      2              1.6700925      0.0            1.6700925      
21             71.71304       2              0.6983118      0.0            0.6983118      
7              72.66697       3              7.3820853      27.0           34.382084      
28             74.30838       3              2.4223456      0.0            2.4223456      
15             78.74844       2              4.3223643      5.0            9.322365       
2              79.86032       2              1.8586727      2.0            3.8586726      
23             82.85687       3              5.1644583      6.0            11.164458      
8              92.85395       1              4.26594        2.0            6.26594        
-----------------------------------------------------------------------------
Total Jobs Completed: 30
Average Wait Time: 19.733334
Average Turn Around: 24.074873
Average Response Time: 4.3415394
-----------------------------------------------------------------------------